Group,Excellent ratio,Good ratio,Pass ratio,Fail ratio
0,0.2202074155175609,0.3302264513175196,0.25732461342375723,0.19224151974116244
1,0.1894263451577759,0.2691605353677656,0.36920358426787275,0.17220953520658572
2,0.22001527904029275,0.3098845153654347,0.2994407493669837,0.17065945622728865
3,0.24073361776835134,0.2959386486582506,0.34907068832149085,0.1142570452519073
4,0.18008075559101536,0.36700995352466675,0.25692388023773544,0.1959854106465823
5,0.18986670294604235,0.2634707965412177,0.3864369523160549,0.16022554819668508
6,0.1956649812631956,0.29137367991701985,0.34980694635458315,0.16315439246520147
7,0.1694894754348636,0.2490856621055129,0.43791104405646025,0.1435138184031635
8,0.13796369315197157,0.14323803051436015,0.6226183479619112,0.09617992837175708
9,0.16730503596201476,0.2687406171810073,0.38879009232467915,0.17516425453229872
10,0.10955566896732451,0.20391386063846234,0.4394404337012475,0.24709003669296564
11,0.15360684361900184,0.24698342086451247,0.42339672803149286,0.17601300748499288
12,0.2321632740050784,0.25195178128968054,0.4583707422610919,0.057514202444149
13,0.15930976023300317,0.27008537700871565,0.3758220513810192,0.19478281137726206
14,0.3448036865344522,0.3650907925770438,0.22419955410273879,0.06590596678576527
15,0.18799772780731666,0.24997173064378977,0.4446998353663011,0.11733070618259246
16,0.25164466779811073,0.26336122425692127,0.4311270683998887,0.05386703954507941
17,0.16728957450500595,0.23423102020254163,0.43205386975020255,0.16642553554224992
18,0.17020465441247762,0.20183022099624232,0.5597713799546156,0.06819374463666478
19,0.17067021543357724,0.2582681542863084,0.422920719357389,0.1481409109227255
20,0.17865999146069256,0.3195051124065545,0.33021791188730304,0.17161698424545002
21,0.17559753923065077,0.2480647764459646,0.4440462515300417,0.13229143279334282
22,0.16438781924806967,0.4184422223387616,0.22211281311297987,0.1950571453001888
23,0.16723670314033298,0.2496989776577663,0.4311112399554034,0.15195307924649729
24,0.1491451138253183,0.4205270812995293,0.1510889550844091,0.27923884979074304
25,0.1799688163376411,0.26464895908143843,0.4040346858422643,0.15134753873865628
26,0.3193215147921691,0.3980977413576096,0.2006680976147524,0.08191264623546862
27,0.17847053636780483,0.2678603818724374,0.38299706362987274,0.17067201812988503
28,0.31639841465454477,0.39817537047474016,0.20211465527248862,0.08331155959822652
29,0.18244863265157896,0.2559250730270304,0.4460659461085437,0.11556034821284701
30,0.18894464936189032,0.22766525790397676,0.46716585481818756,0.11622423791594541
31,0.182958067697619,0.2898731296777502,0.3565929030363321,0.17057589958829883
32,0.08372765328683618,0.11322234538829498,0.7517963274092812,0.05125367391558741
33,0.17675382760804267,0.28534089066967094,0.3888985337696587,0.14900674795262758
34,0.0866029960644641,0.11793015759051734,0.7319513391714189,0.06351550717359979
35,0.18998006122143984,0.2749732286044001,0.39460992061191974,0.14043678956224054
36,0.17939226955811216,0.21676575378245633,0.4527509562949934,0.1510910203644383
37,0.17206340174807194,0.25234972216224916,0.4340383064941964,0.14154856959548257
38,0.16314406074350182,0.18707521324213114,0.5679531638941525,0.08182756212021465
39,0.18520965777899273,0.287921653701243,0.351419603913995,0.17544908460576927
40,0.3847586935627623,0.2659919860967974,0.3026902265288818,0.0465590938115587
41,0.1815334971965396,0.26310971835244124,0.4035203482477075,0.15183643620331166
42,0.1628016737655803,0.22562031683014677,0.5099639810804263,0.10161402832384664
43,0.1681622810349394,0.24933454914005374,0.42563200981502236,0.15687116000998452
44,0.142157347498674,0.2332222882272777,0.41405955538984496,0.21056080888420323
45,0.16708093431072146,0.24556567732414625,0.455103713728593,0.13224967463653925
46,0.16870036144266704,0.16012299612679393,0.6168874485656406,0.05428919386489847
47,0.17476649885052822,0.2732392759848634,0.3785163037461221,0.17347792141848614
48,0.16265884430496474,0.33736265725585196,0.33108982116889235,0.16888867727029055
49,0.14596834703869185,0.27099127567842135,0.36675613170261223,0.2162842455802746
50,0.09799205515923541,0.14790759117958413,0.6952145497540294,0.05888580390715111
51,0.1958350520109976,0.27661758064502445,0.36571651748294864,0.16183084986102952
52,0.09154688131575557,0.1275784610719267,0.7349130041037303,0.04596165350858729
53,0.17189211544930735,0.28550218346564654,0.3523236931284123,0.1902820079566339
54,0.14364007918015262,0.16004171835681,0.6332476205550399,0.06307058190799766
55,0.1837558065699625,0.2621215518003699,0.3747310049289024,0.17939163670076524
56,0.0869888160925537,0.1177718671078285,0.7466131240231119,0.04862619277650602
57,0.20721842797597412,0.2568097943455293,0.406218517715602,0.1297532599628947
58,0.08676719236609667,0.11695086914106614,0.7489999979385513,0.04728194055428585
59,0.1843308518380998,0.28059520652660613,0.3776770546971289,0.15739688693816492
60,0.12272202884778133,0.11989250640556737,0.719411542331577,0.03797392241507456
61,0.17747215960494317,0.2549673067515059,0.43316944008945796,0.13439109355409304
62,0.1250764655399075,0.2420412560989208,0.36081346158334127,0.27206881677783007
63,0.15503911497444225,0.23534805321542943,0.4845027062512367,0.12511012555889145
64,0.15030513123871178,0.22711828197317974,0.4164957412177255,0.20608084557038306
65,0.167031467817872,0.27168483066364596,0.3685086013970883,0.19277510012139373
66,0.16901044796419076,0.26561874642435407,0.3719995620777199,0.19337124353373528
67,0.17522356849892348,0.2616777428667725,0.4004849851685854,0.16261370346571857
68,0.26974045996191526,0.3038331471267824,0.3122186295738753,0.11420776333742716
69,0.21844462063010733,0.2701812098987147,0.3693723238558509,0.14200184561532703
70,0.13894885268011162,0.4031883154539231,0.1851218206666512,0.27274101119931443
71,0.20002242097410744,0.27182763734446236,0.37774668232276865,0.15040325935866156
72,0.23538836200379243,0.3206553122987823,0.2620472552980223,0.181909070399403
73,0.17637417293326915,0.25482659920045697,0.43254506740257365,0.13625416046370017
74,0.12329438093763391,0.22159156148409953,0.46867771947497283,0.18643633810329366
75,0.19246397420180703,0.2545499676032566,0.406919985536856,0.14606607265808055
76,0.11924359203302236,0.3611750682401263,0.24637144870505984,0.2732098910217914
77,0.16343392876541618,0.2534143058785967,0.40981539891474306,0.17333636644124412
78,0.12671794865919156,0.2156556594921628,0.5218954819654485,0.13573090988319694
79,0.18351501278670215,0.2771540568768374,0.3945047550782135,0.1448261752582467
80,0.14110974752363953,0.28571909378701205,0.3250041338892972,0.2481670248000513
81,0.14821985803538137,0.24567951819217013,0.4640623780411008,0.14203824573134782
82,0.12354053065211434,0.23623378897806152,0.3620967337186169,0.27812894665120724
83,0.19002410708815706,0.2784031999841991,0.3638327115154473,0.1677399814121967
84,0.1344286086597527,0.24608437910319217,0.44058765418528884,0.1788993580517664
85,0.19859752362541822,0.27141861927308986,0.39679196476970524,0.13319189233178647
86,0.2076021021981489,0.33093277075167776,0.33416603758127955,0.12729908946889376
87,0.19370376559975708,0.25234263616210495,0.40724517922751036,0.14670841901062756
88,0.21454761086392937,0.3596476457029437,0.2601108492414219,0.16569389419170494
89,0.20428173688298248,0.2709647751281381,0.40542521143214466,0.11932827655673468
90,0.26310742973973517,0.397132107643087,0.18353096113252096,0.15622950148465709
91,0.16713644614681808,0.25378995428473894,0.41957547952369745,0.15949812004474567
92,0.17035671052539886,0.3066911372123266,0.2679100529677139,0.25504209929456056
93,0.20176207511099903,0.28786106692658325,0.3823914945102401,0.12798536345217762
94,0.21951719721072607,0.235567556258274,0.3887059157858968,0.15620933074510332
95,0.18081696992335428,0.2750572695809775,0.37593265213654187,0.16819310835912646
96,0.174792659440469,0.3424500089806501,0.24181511310816087,0.24094221847071995
97,0.1685124363060339,0.2330841306554888,0.4520877429059455,0.14631569013253196
98,0.20123872958303607,0.1930488990063229,0.49715121481565666,0.1085611565949842
99,0.18005212367272982,0.27140936640903474,0.41944733181898863,0.12909117809924683
100,0.15161382111637017,0.21988746195732867,0.4932371602528585,0.13526155667344308
101,0.19383577546156835,0.2729074608949352,0.39351912693235486,0.1397376367111417
102,0.17947764831300042,0.33424032974602474,0.2783803816020918,0.20790164033888325
103,0.16728869660581416,0.2678702765600993,0.3994781610867928,0.16536286574729378
104,0.17887364778602138,0.33677030360540683,0.2865480875775793,0.19780796103099224
105,0.1853326224503825,0.25736272054650816,0.4000656870250266,0.15723896997808276
106,0.09720000491212889,0.15858284558663505,0.6664836410597487,0.07773350844148735
107,0.1898876521820816,0.2954895135103898,0.3678044580520172,0.1468183762555114
108,0.21234572327503964,0.30878779495942665,0.3391030215959342,0.1397634601695993
109,0.20302282743601782,0.2826433782034148,0.38394134573623945,0.13039244862432794
110,0.1344293897537574,0.28613105220346524,0.3572517844567881,0.2221877735859893
111,0.18149675199635484,0.25914504830555307,0.41717922727965834,0.14217897241843377
112,0.2136611112551705,0.30236984133766737,0.3501268107216811,0.13384223668548098
113,0.18150709733652312,0.25422299625411104,0.40944446475139207,0.15482544165797374
114,0.1989046709755866,0.3712616563900106,0.20742014327782032,0.22241352935658248
115,0.1695671507690945,0.250413708291127,0.42369816795741394,0.15632097298236447
116,0.08943413370336539,0.11956183670980393,0.7239140850435843,0.06708994454324589
117,0.1875852301864807,0.28060259263316356,0.3484912808393838,0.18332089634097218
118,0.08474313287945019,0.11353276747445738,0.7525927514199919,0.049131348226100276
119,0.1827802540248583,0.28118283657715826,0.3869301390732136,0.14910677032476988
